03-03-2021
3053 4364 10168 11283 9890 9332 7556 3348 2639 42 
0 6 15 26 33 71 71 76 1672 7173 
-3 0 -3 -15 -24 -21 -35 -20 -22 0 

04-03-2021
4366 10175 11299 9915 9386 7604 3417 4293 7161 29 
8 7 16 17 50 55 44 282 3492 8025 
-4 -1 -10 -9 -13 -23 -8 -23 -57 0 

05-03-2021
10184 11303 9927 9427 7658 3456 4553 10589 7970 6 
15 7 15 14 21 13 80 284 2978 7377 
-6 -12 -7 -10 -13 -4 -11 -48 -56 0 

06-03-2021
11301 9935 9435 7663 3465 4624 10835 10900 7325 12 
11 16 19 16 7 42 98 307 2491 6783 
-6 -4 -7 -15 -4 -9 -38 -42 -67 0 

07-03-2021
9938 9454 7673 3471 4665 10924 11188 9795 6763 29 
6 7 4 0 14 27 53 244 2317 5492 
-9 0 -6 -1 -1 -9 -15 -16 -32 0 

08-03-2021
9459 7677 3470 4679 10948 11238 10031 9056 5511 7 
3 2 0 3 7 21 29 310 2201 2477 
-1 0 -1 0 -2 -1 -4 -19 -18 0 

09-03-2021
7674 3469 4677 10942 11248 10045 9361 7690 2428 4 
6 2 5 11 16 32 176 497 851 2869 
-3 -1 -5 -10 -11 -15 -31 -39 -22 0 

